0 0.20727058187306852 0.3409433625617703 0.11404990622307479 0.2775691447429294
0 0.2969153857350112 0.10188428270587993 0.14489993042357163 0.20376856541175986
0 0.48348868998973726 0.10790435123081148 0.09187037919390768 0.21580870246162295
0 0.6645432472695255 0.11989037277100137 0.10241699375348415 0.15695261330958896
0 0.8132978680756178 0.31906901311376223 0.16262324072842205 0.17151541119296096
0 0.7816201003180286 0.5299047971066388 0.17661301785578498 0.16041077303582707
0 0.48436889217791884 0.3556112262163543 0.13238629488495218 0.20833587720008423
0 0.601192777814734 0.40648321085913625 0.15163574375348396 0.1618363797596206
0 0.8723779522863774 0.2296612554351532 0.13843630698520074 0.17458103801913588
0 0.6751075216664141 0.3171650712352795 0.09619881001026265 0.1618012024905374
0 0.9118949702403583 0.1476602503160805 0.1103749394987581 0.18272781433340354
0 0.2820802052132437 0.23201645283553227 0.07038574375348405 0.15377428911194935