0 0.4291396183834788 0.7787418349437909 0.12577568520982182 0.21327327422028777
0 0.8410531201925011 0.8104985819408604 0.1673899751239137 0.20405478311753633
0 0.3933526888278665 0.29009317041905447 0.14619000452255576 0.12679194615939798
0 0.20314268939369334 0.09663362498140948 0.1523614393936934 0.11067219764227279
0 0.6496535984842333 0.2358062825488827 0.06698053934826476 0.19216759536109526
0 0.25348568464399496 0.39992045106513285 0.08787953753924249 0.1446851003040112
0 0.8211291287873868 0.17636366247320803 0.06410784486618866 0.16710392836490087
0 0.531254401288624 0.14276588977297605 0.08807096732199753 0.20783901631162238
0 0.3515569352098219 0.19471434482962266 0.1443884871097012 0.09241694615939804
0 0.5961522987320607 0.6341429648681163 0.13014560266810485 0.16277852570316256
0 0.24674984226419702 0.734501039506146 0.16085669210722686 0.18351944863085592
0 0.17487376300184043 0.5581414693539216 0.10734991180407354 0.23357118676785796
0 0.7268490208037566 0.5286039361992042 0.15707659486618866 0.17089211463846715
0 0.9215418023501052 0.717966230648266 0.0882480297373263 0.15171635030401126
0 0.09245965343633053 0.43466681866934953 0.132171770126388 0.11218827669174569
0 0.28424876300184043 0.5536847796203143 0.16613069029820454 0.135400283611828
0 0.8519740943003619 0.3316904910283893 0.16542800542706707 0.15174286661563352
0 0.13651278437142383 0.9167153147150169 0.12986231965141815 0.14249785920125965
0 0.09556580054108296 0.7030812376427104 0.1128042944366475 0.11451743923931587
0 0.917502839777806 0.20766805920344736 0.09580490219313517 0.19178293479069153
0 0.8786295267966505 0.4668321535759595 0.131373909995051 0.18621602570316256
0 0.07977378844375368 0.16272815167315519 0.09604391960598964 0.22609426779449712
0 0.33394446856519294 0.4412683512554133 0.12800989258219672 0.15177735870696818
0 0.48902479420950495 0.5171557361226545 0.10991498982323478 0.16351335475263545
0 0.4324583751693421 0.09511891003893111 0.1494411572815178 0.11445111364988403
0 0.5063882773624773 0.28078981319496105 0.13059598202131859 0.17137227570316255
0 0.6596383508590826 0.08273036209264717 0.14899409995457163 0.09104544714798121