0 0.33165119148617406 0.7703125 0.1885675187959314 0.2140625
0 0.9146211251449319 0.175 0.1468744842481847 0.153125
0 0.41315525149781207 0.4609375 0.14322345470140743 0.11796875
0 0.7382038225501598 0.68046875 0.200748525463891 0.2484375
0 0.7893820090838558 0.1875 0.13711697591323463 0.11015625
0 0.6012919487823536 0.146875 0.136335596975281 0.1484375
0 0.6191021046820108 0.39765625 0.1480225250048491 0.12890625
0 0.5716059960378003 0.60625 0.16029938439796573 0.10703125
0 0.6956323958977174 0.30234375 0.13756338606495574 0.115625
0 0.7891114578662094 0.334375 0.1348847962166765 0.12109375
0 0.5171247586248138 0.30703125 0.11578398091420468 0.1359375
0 0.43986191739940883 0.66015625 0.17841139773388517 0.17578125