0 0.37825479189214134 0.79453125 0.11727095802831693 0.20859375
0 0.7870661705522325 0.84296875 0.15933118869349877 0.19765625
0 0.37378929929186555 0.30546875 0.14125280334977203 0.12109375
0 0.1964381006524552 0.1046875 0.1480931493475448 0.1046875
0 0.6328921266311379 0.26171875 0.059240282025771404 0.18984375
0 0.2272677406110935 0.409375 0.08211416068586279 0.14140625
0 0.8077199513049104 0.209375 0.05738688068904452 0.16484375
0 0.5207472099777283 0.1640625 0.07972550469445316 0.2046875
0 0.3381977919716831 0.20859375 0.14085281401177213 0.08671875
0 0.5540734992441404 0.65703125 0.12371131468808975 0.1578125
0 0.19916727589914102 0.74296875 0.15362608135740796 0.17734375
0 0.1387490385900944 0.5640625 0.0979851560311804 0.2296875
0 0.6911746045910488 0.55703125 0.1503556306890445 0.16484375
0 0.8732587565643228 0.75390625 0.08219597668681722 0.1484375
0 0.06444047660727546 0.4375 0.12780792134786295 0.10703125
0 0.2481240385900944 0.5640625 0.16087496001749918 0.12890625
0 0.828558067950366 0.365625 0.1595033640197264 0.1453125
0 0.07757244454173302 0.9203125 0.12425620735199913 0.1375
0 0.05227069745585431 0.70546875 0.10454139491170862 0.11015625
0 0.9018421213001379 0.24453125 0.08812835069222587 0.18828125
0 0.8465075419319122 0.5015625 0.12398403469127146 0.18125
0 0.06916652864418285 0.165625 0.0869658400302259 0.22265625
0 0.3048745726050483 0.45390625 0.12202154535327185 0.146875
0 0.45470130259391245 0.5359375 0.1034169960216353 0.159375
0 0.42525344398472803 0.1125 0.1450136026814084 0.10859375
0 0.48712509329250187 0.30078125 0.12381131202258988 0.16640625
0 0.6526335566518189 0.109375 0.14552213267822686 0.08515625