0 0.6044856628526978 0.827187206165215 0.06869060149734274 0.15095457386326183
0 0.4389782483356125 0.4662888421239112 0.08587810149734292 0.15125458279171564
0 0.1984001164717813 0.7132421140413038 0.09051367970032942 0.15913526663909144
0 0.41276182445861964 0.5781479139585782 0.10421151559883626 0.1554744784896446
0 0.5762927836932438 0.566962772317839 0.07942041430928928 0.18234094155801372
0 0.831425149749433 0.9270856148487873 0.11106477766211106 0.11191539326229716
0 0.97890625 0.74453125 0.0390625 0.1390625
0 0.6038219983356126 0.4691662004831721 0.089296044300937 0.2129324224832901
0 0.9306366306150358 0.5778277288900912 0.09899247483346016 0.1413437946422686
0 0.8132537662222241 0.699015161926688 0.08239833714629237 0.12233469602224041
0 0.6549430592753754 0.7828292800284767 0.081440310731967 0.13713753571381487
0 0.668364117303975 0.4921321420411856 0.09603556301974248 0.2099301534085667
0 0.7905926701326258 0.4646265251572128 0.08269127994988672 0.1839579886359143