0 0.5453195852962975 0.6075417830568904 0.08070107026407367 0.18313676042484134
0 0.4883237488687042 0.2881445768678266 0.09766439486347203 0.1454465438109361
0 0.342513671394584 0.33368806057049055 0.09145335108402745 0.15461695533113406
0 0.06334854095120518 0.7633912470970061 0.09350386663541632 0.17805445533113406
0 0.04185292046378553 0.8812152445897237 0.08370584092757107 0.08643525666391767
0 0.31857470023477025 0.8923356348645276 0.05813300315754599 0.15676447703874635
0 0.6930948295468534 0.7622112480214429 0.09449087672018486 0.11808006175762494
0 0.2899691210172236 0.7116001119032741 0.08108248760615719 0.1340544027447093
0 0.6466278070682419 0.5718650443396616 0.08215697205476821 0.11070783095795456
0 0.5855270458521776 0.8159931290585399 0.0752227583413422 0.16505435015828454
0 0.18421882408023316 0.8603989762473236 0.09422703656939788 0.13287834765100195
0 0.4173833471244925 0.8941361640939874 0.08316239745537005 0.14892088479802085
0 0.510488089631622 0.8275276741231175 0.06862144382671272 0.14304295783841647
0 0.05187592431578884 0.9390588368304496 0.05026242309152758 0.11133831677218993
0 0.01654552026348464 0.9349312779758187 0.03309104052696928 0.11455424498543536