0 0.6 0.6739775709316616 0.06484375 0.18654314894183308
0 0.51484375 0.3451513271405794 0.08515625 0.14991999379108217
0 0.37265625 0.3749509131958367 0.078125 0.1587210378817268
0 0.13046875 0.7778375707624837 0.078125 0.1821585378817268
0 0.10859375 0.8932394301556001 0.09765625 0.09156535985215833
0 0.39765625 0.92734375 0.0453125 0.1421875
0 0.76171875 0.846553556846836 0.084375 0.12251247091226496
0 0.353125 0.7507003412254051 0.06953125 0.1377070362147368
0 0.6984375 0.6492004536626373 0.07265625 0.11452462773000587
0 0.65859375 0.8889167868429567 0.0609375 0.16825553454774678
0 0.26015625 0.88920511864615 0.0828125 0.1372286751546305
0 0.496875 0.93515625 0.071875 0.1265625
0 0.584375 0.8922333633553162 0.05625 0.14599789727484308
0 0.13515625 0.94765625 0.0421875 0.1015625
0 0.08828125 0.9421875 0.0453125 0.1125