0 0.5662225068199163 0.7655651607901373 0.061673862282162165 0.1554264071667017
0 0.41748948448912204 0.42007230809260293 0.0788613622821622 0.1571318494190937
0 0.1651436962331651 0.6978366026975343 0.08313148531769157 0.165331949931001
0 0.38601050620074384 0.5362157529045313 0.0970120487999269 0.16282106177386718
0 0.550199284736791 0.5057965113020445 0.07094185442427943 0.18745160819051634
0 0.7886668951569267 0.8400308022257116 0.10591185980096292 0.12015634320720743
0 0.9604754669113295 0.6361861585755958 0.06343541542531525 0.14315896747384613
0 0.5823332344891221 0.4037155664901162 0.07939220926284367 0.2186180391119493
0 0.9043238585581086 0.4753674049232459 0.09245082733597414 0.14837096126195987
0 0.7811668025194713 0.6115957218161858 0.07673378205070396 0.12814807931671232
0 0.6187995432138464 0.7148262536234354 0.07508139081820957 0.1427592690095679
0 0.6458520789886041 0.4193889582995999 0.08627791004863195 0.21619072003338252
0 0.7694693614535928 0.37729824191856726 0.0741396290313853 0.18932418860004213