0 0.513847302359497 0.774858283919527 0.0573057597392328 0.15446410151720863
0 0.3880753295486 0.4270421504396452 0.07449325973923263 0.15586710485118865
0 0.11962178977759533 0.7001598834798818 0.07853587743398434 0.16399846924527495
0 0.3493928847441755 0.5425394757440569 0.09253019358660844 0.16124013106398571
0 0.5144820965947285 0.5150208983136133 0.0656637305182393 0.18635183030538158
0 0.7301387297140511 0.8531594007295095 0.1027040344959989 0.11838295136742757
0 0.9138530308491415 0.6524903657227206 0.05943132142762977 0.14215542015366048
0 0.5529190795486001 0.4135860730092018 0.0732268145277711 0.21739453621473678
0 0.8683065259778775 0.49081928420939114 0.08837848173605564 0.14685876666989942
0 0.7372456664008007 0.6247793092142404 0.07320744926865146 0.12689708197237123
0 0.5693257349890569 0.7250816824023183 0.07112279788867966 0.14154951333591956
0 0.6150372500032952 0.4303592427038204 0.08020351744987035 0.21484349212409218
0 0.7405554472433518 0.3904680820930576 0.06881600405718977 0.1881694218206505