0 0.4664430108144795 0.7334814257491764 0.19107734276183308 0.2300347876454067
0 0.934375 0.08828125 0.128125 0.1671875
0 0.49381161397620976 0.4188552626876728 0.14460660586509774 0.13044026227107106
0 0.8572744864801336 0.6063690045765606 0.20366138685497423 0.26528498148899066
0 0.8221913768716785 0.11237919509237944 0.13840852766211134 0.12211723252898037
0 0.6269926202161482 0.08962273606555131 0.13807598585674546 0.16003381842748707
0 0.6886853055320182 0.33683027787091696 0.14953391534927896 0.14174242637256435
0 0.6776896185517607 0.5482684078625647 0.16155429638091653 0.12118021713794018
0 0.7485375014555817 0.23509968968463477 0.13891905740420185 0.12758598252898035
0 0.8476214970878267 0.25816020278789953 0.13630458714629237 0.1327630012477857
0 0.5708500983773737 0.2564158727127294 0.117377810731967 0.14571049792002055
0 0.5553782331523683 0.6140627075712464 0.18047238456719866 0.19109714226271884