0 0.37660202754798544 0.7496359933297376 0.17607610999173628 0.22302914348670785
0 0.9248330797877777 0.1263180862753625 0.1379390239356944 0.16016729534115867
0 0.44005281060173573 0.43731305574506657 0.13633950313413212 0.12497010176359372
0 0.7779119140408675 0.638870075194086 0.18625119699770848 0.25789546641748623
0 0.8003233890583331 0.14532811510817778 0.13068891517822934 0.11687099672063965
0 0.6098626964290277 0.1147342916115724 0.12767367116215295 0.15494752883281532
0 0.6423069480445482 0.36350930631089345 0.1405003262723959 0.13611231965141818
0 0.6069831246219439 0.5736998558359236 0.1540536799958682 0.11497430404758582
0 0.7132753711065623 0.26459377148518437 0.13081620174736114 0.12233974672063966
0 0.8086235854873607 0.29158896144470464 0.12781848831649317 0.12764472241038013
0 0.5350412683330206 0.2786164071699761 0.10785148043270851 0.1414239393936933
0 0.47838469272621476 0.6342799089789984 0.1681538540078126 0.18437940128862387