0 0.23914170882748093 0.664882168579827 0.07491416246959073 0.12169079506457728
0 0.1397199883907309 0.29395825164935263 0.06268687324197933 0.16820208221159588
0 0.4002786758463854 0.7695877036152744 0.10370678298109563 0.10300063103709682
0 0.17285713691336152 0.9106516581549856 0.10523746672431686 0.09757734514371955
0 0.2749211693052819 0.42447612892552594 0.0850931383672898 0.12589256175762475
0 0.8438564799047199 0.6777892778428045 0.05646868949875809 0.1734889757851052
0 0.8226597534178456 0.2919510662434643 0.07033120159900638 0.1395231527447093
0 0.6265962570320829 0.6839697670222519 0.0841119004675381 0.0914948297043134
0 0.36712737090428826 0.28963577916295274 0.0968527949831481 0.13326479255729495
0 0.5115439496540988 0.5821679231321735 0.04928290339440444 0.14672188730530317
0 0.6016609313073344 0.4035093772096663 0.11710166246959072 0.12291832594338974
0 0.64140625 0.92421875 0.0453125 0.1484375
0 0.6091881267580208 0.184159983636157 0.08061471662612085 0.1616936694377568
0 0.5350440404059619 0.8407078488381362 0.08750961123992677 0.13846075791755874
0 0.6867267985973854 0.28721443896729104 0.08493405708339648 0.09854881175762475
0 0.7794450428418488 0.4672860353646519 0.048424385342227795 0.1334179052519918
0 0.27769514871902234 0.753518771245394 0.04705278288289971 0.16618494114536908
0 0.31775200127654624 0.8523570880175837 0.0609243853422277 0.1337816181049732
0 0.7314211541799713 0.3947828980593488 0.0533755057555366 0.17886679757185986
0 0.9580478075743759 0.2560399614663262 0.07558178298109582 0.10218227711788863
0 0.7095627722555893 0.7942145967265652 0.07016302995603355 0.11061690274470948
0 0.7337275009819587 0.6698965583259054 0.04934199072842205 0.15687813730530314