0 0.3365841240033202 0.8148392644721785 0.1282110448781844 0.21461245590203681
0 0.7428551079641912 0.8847311991161735 0.16969763803063903 0.20588590909054005
0 0.3577684230435577 0.32524449796383503 0.14760379009782243 0.12842265038411274
0 0.1909475701734955 0.1150462251239136 0.1535836798265045 0.11238489258219668
0 0.6191658004337388 0.295046822137809 0.06919699028239243 0.19283263116223598
0 0.20579730799187787 0.42153524253676816 0.08953047424326357 0.1456234384891822
0 0.796738890346991 0.2518334899347764 0.06603241748800333 0.16775074400710624
0 0.5121426472868212 0.191453753390902 0.0904607210040611 0.2087409141789227
0 0.3272577051218156 0.22644514981828587 0.1454009400055373 0.09404765038411275
0 0.5196142743724604 0.6864696822691458 0.1319880845145814 0.16419969810012064
0 0.1602008991417478 0.753859741632257 0.16292720388519796 0.18528680404758582
0 0.10916573257659508 0.5716780054270669 0.11003154379845022 0.23468261646291494
0 0.661960065550017 0.5935938647654343 0.1590011674880035 0.1726230297373263
0 0.8337187422942026 0.800131549070745 0.08998105721668556 0.15265468848918218
0 0.054102831586839664 0.44114397840327396 0.10820566317367933 0.1136641095655099
0 0.21854073257659506 0.5774101062861495 0.16763568784606903 0.13725873982323478
0 0.8093821853820587 0.4092708536841577 0.16712454811738695 0.15358310266810501
0 0.04751938522056 0.9249391242648309 0.09503877044112 0.14392814167768542
0 0.03521522497923504 0.7085395183173657 0.07043044995847007 0.11576552012638804
0 0.8890172254798813 0.29194391282012633 0.09800311073274344 0.19278504353213638
0 0.8202021645625679 0.5462319431232796 0.13349002775932134 0.18763719810012064
0 0.06048001773717195 0.1693508655584037 0.09864346082502826 0.22707815637700662
0 0.2810686158268722 0.4701608502932557 0.12972467766703621 0.15318031094499088
0 0.4265930644702829 0.5600942107632768 0.11177571406423077 0.16469766508343398
0 0.41935317242524894 0.13485519335042226 0.15070900370062784 0.11612736827193718
0 0.47135006169250565 0.3264938167107421 0.13253879703765267 0.17279344810012062
0 0.6468971815245474 0.14364477442180118 0.14998831045588795 0.09273081184950205