0 0.28128196516384846 0.6748025300893998 0.08118065251789641 0.12472113057393237
0 0.158287726040128 0.29973183825138705 0.07141081036805193 0.1707220454246386
0 0.4488250519108468 0.7861110067083893 0.10894933674699825 0.10721120248167448
0 0.23086254913883653 0.9179244633774377 0.1101933183311469 0.10185171312533611
0 0.30159665223554777 0.43580001424995796 0.09156441567207611 0.1293375747577336
0 0.8856964493788329 0.7123988991864912 0.06547932878390342 0.17575375284999167
0 0.8398261523767221 0.32560373953156524 0.07753971302712266 0.1423620986429472
0 0.6692369914722077 0.7097116697175101 0.08878104991529537 0.09490794443590289
0 0.3849944392084251 0.30469176190416947 0.10369268934959938 0.1371882795851967
0 0.5478786599868812 0.6031888820865416 0.056900989335482065 0.1486995799535137
0 0.6263845496329468 0.42816673877526057 0.12336815251789642 0.12767116795279923
0 0.69921875 0.9375 0.0546875 0.121875
0 0.619848310368052 0.20907253134990755 0.08897003669052843 0.16494729282674853
0 0.5878945281627364 0.8627495523851294 0.09463620776545092 0.14200146572322617
0 0.7038431497458861 0.3153168135329943 0.08997182359281872 0.1019938247577337
0 0.8079222469456411 0.49921620215269835 0.055346194611271216 0.135363699631683
0 0.325440759817472 0.7650340461809432 0.05569480510638005 0.16806693898802116
0 0.37175358867196256 0.8655310729161483 0.06784619461127121 0.13623778478097676
0 0.7553440075395719 0.4247353721991846 0.06267284719975486 0.18100398156266806
0 0.96484375 0.2953125 0.0671875 0.10625
0 0.7591101045275652 0.8233696141534128 0.07585611568619352 0.11345584864294729
0 0.7752671835938173 0.700008523808339 0.05749252353634908 0.15885582995351372