0 0.2889674809815904 0.6322754553377926 0.08257718924012272 0.12733195496112443
0 0.16167409939925187 0.2749813542319629 0.07335500854997479 0.17289315202030348
0 0.4576789121759415 0.7152781297909215 0.11011768119435103 0.11083887426177289
0 0.24144154300197546 0.8867470580933015 0.11129776894153495 0.10553434962937551
0 0.3064617115358524 0.3872562472505351 0.09300659084927707 0.13230566985054146
0 0.8933271990506052 0.564032738075579 0.06748742080279087 0.17770500054989302
0 0.8429569503879876 0.18133986858961823 0.07914618664223276 0.14480802885831653
0 0.6770137841998991 0.5993600641723431 0.08982160668871889 0.09784855716674024
0 0.3882530248936197 0.2401490632457818 0.10521701374575479 0.1405686101075611
0 0.5545053636492098 0.5130752413749369 0.05859873986054147 0.15040348639568107
0 0.6308936289844486 0.32246439542158756 0.12476468924012281 0.13176603988639518
0 0.7097927052547914 0.8430303104963169 0.05384018404434272 0.15998494760907186
0 0.6217925085499747 0.1022762439511771 0.09083208565349707 0.1677504937477336
0 0.597533369853396 0.768260135493295 0.09622442599857095 0.14505200790194533
0 0.7069648200661567 0.1948462255710461 0.09109452958519668 0.10496191985054142
0 0.8131159031217636 0.36233645351488897 0.0568887743894166 0.13704012371187996
0 0.3341485770266476 0.7156698211477271 0.057620747906313066 0.1696883983442774
0 0.3816023672555061 0.809056211590059 0.0693887743894166 0.1383539266527009
0 0.7597070438351547 0.2963336899105702 0.06474483305560703 0.18284529981468775
0 0.965625 0.1265625 0.065625 0.109375
0 0.7681465186125589 0.6983865070056029 0.07712486473449047 0.11590177885831654
0 0.78284316711962 0.5709231264915636 0.059308934044342544 0.16055973639568127