0 0.2030611757329963 0.36293685811666876 0.11715013839103294 0.2670607558537325
0 0.2954334565755473 0.1290754634046672 0.14720010267721798 0.19849256303532484
0 0.48171582995234186 0.1551617613146815 0.09436147483619664 0.21458974082661783
0 0.6623794488649095 0.18980999296791717 0.10412621266133186 0.14746587334017516
0 0.808642974028713 0.40474516743956046 0.1644324671255589 0.15640960216474045
0 0.7745468433483177 0.6123804054375078 0.17827677881395623 0.1439914153964569
0 0.4796685401813371 0.4067378968533009 0.13465919236879245 0.19607609016268784
0 0.5957650986233235 0.46991967378427224 0.15334496266133185 0.14775221965118313
0 0.8686958583625561 0.3214923059050461 0.14030917451188502 0.1617374515990063
0 0.6706344594182163 0.38831567066101425 0.09797167004765814 0.15289826190385672
0 0.9091220353100731 0.24359456488203657 0.11237508928453721 0.1725113251355732
0 0.27905270576476837 0.2618061501729506 0.07209496266133195 0.147279520979043