0 0.6181856426490725 0.6424582169431096 0.07011758636823089 0.18313676042484134
0 0.5236637866848002 0.31810542313217344 0.0893162157559754 0.1454465438109361
0 0.3826810855103012 0.3553744394295094 0.08255775039571142 0.15461695533113406
0 0.15279162635173643 0.7709837529029938 0.08323971199505165 0.17805445533113406
0 0.13432643434843752 0.8875347554102764 0.10008857970431344 0.08643525666391767
0 0.423957235681221 0.9154768651354723 0.04905492860895677 0.15676447703874635
0 0.784541731524586 0.8065387519785571 0.08773934389007856 0.11808006175762494
0 0.37412941725967863 0.7321498880967259 0.07337296700961655 0.1340544027447093
0 0.7156683964099961 0.6125099556603384 0.07581600541027633 0.11070783095795456
0 0.682894314989823 0.85431937094146 0.06568849914207017 0.16505435015828454
0 0.2854115612288994 0.8755385237526763 0.08660875290299383 0.13287834765100187
0 0.5233123780010891 0.9230513359060126 0.074586126022532 0.14892088479802085
0 0.6089483496295591 0.8615348258768828 0.06036450164935268 0.1430429578384164
0 0.16171875 0.94453125 0.0453125 0.1078125
0 0.11555971397360867 0.9400687220241813 0.04704614773014439 0.11455424498543536