0 0.2473931726000064 0.3714705473521849 0.14050042517624667 0.2716460217116218
0 0.31104061745961353 0.14120731265366585 0.16452450900173138 0.2043515138537389
0 0.5003869733412554 0.17490387820281578 0.11312387536155874 0.21828342721213972
0 0.6851678187447117 0.21693948262709525 0.11699968455464624 0.15160534946188076
0 0.8576666941062706 0.4379883449092576 0.17805917407646063 0.16300092183545623
0 0.8490399179974191 0.6443817400706934 0.19080787113563957 0.15115589329940898
0 0.5291710075252771 0.42657554011347454 0.1517781709503275 0.20142556699689212
0 0.6529275222293819 0.49453363564641395 0.16621843455464624 0.15389774958571537
0 0.9074743869395305 0.3571236426757272 0.15441521286306994 0.16734166542531542
0 0.7177431904302444 0.41592279218038913 0.11132447334125536 0.1567830010334573
0 0.9359375 0.28125 0.125 0.178125
0 0.3109372737058361 0.2733648411897131 0.08496843455464624 0.15011347001621064