2 0.46399769212976916 0.2932579796968639 0.17996621281847142 0.40201478064607843
2 0.584426352261806 0.1980489559708677 0.21326743689949001 0.3644484550566466
2 0.8671056938731955 0.499473557226281 0.1584241120172681 0.3248474441822317
2 0.2103258879827321 0.3098220330803553 0.21109934415680484 0.3752586210642578
2 0.8866819193683337 0.16004364270154453 0.1197047816684254 0.2026076882507326
2 0.3442730780862509 0.46939866844188816 0.20629497549513828 0.3470381205699663
2 0.06680537574192191 0.8048864767682954 0.13361075148384383 0.34864970011373086
2 0.747015243684908 0.27939050338567906 0.1348697433556012 0.29586293973360744
2 0.6710810029212049 0.5689596807619968 0.13944037469393464 0.26802444121648217
2 0.7038860665873626 0.772359253385679 0.27601357026407386 0.19185055486636635
2 0.29302647902847373 0.7704173403809984 0.2609339573518513 0.3220182159310614