2 0.41750414533126035 0.6355647852379518 0.1322048262236546 0.09982077488562524
2 0.47251859804680085 0.7252461874984032 0.0777448393778343 0.10245415919430556
2 0.5918601322476679 0.7178538744281255 0.10250962094786545 0.11239285685760425
2 0.5130210426580721 0.5939786569131948 0.05125793408792756 0.12992454255305574
2 0.42323674779268705 0.4565494324644101 0.08469278939195171 0.08779224715020835
2 0.35265050298377176 0.3790225380877434 0.06344712094786535 0.11148366707809032
2 0.617890553181416 0.5932902855222922 0.051083628840373055 0.1135364763486459
2 0.559038468924079 0.5426350156706603 0.038985447242107084 0.13353985182361114
2 0.5651490449359722 0.22281282494121574 0.10117463410204515 0.11626273926642368
2 0.3364655189099617 0.5225907001318406 0.0953796604104042 0.12392976890170146
2 0.44671829237572347 0.29515799078503513 0.09915710779368574 0.1084138716752431
2 0.5530369108339273 0.3367480383720838 0.061801320961982854 0.09662173328249998
2 0.33302272951801 0.6085645677230211 0.0641296604104042 0.12320241707809032
2 0.6025294056428425 0.41378397026781305 0.06117198940606912 0.07242116707809032