2 0.39189016809483695 0.6620520425928325 0.13617499269530028 0.10720620636839726
2 0.4432866465257327 0.7552438042617622 0.08187509320720761 0.10664835485118865
2 0.5630444078566915 0.7547810318419869 0.10702408443578512 0.11800031409452387
2 0.4892000438281984 0.6258910151720875 0.05654081689293981 0.1324775312137671
2 0.4049547715401899 0.4827631553199289 0.08821471126195987 0.09244233363936125
2 0.3374742214711909 0.4008597089534712 0.06796158443578496 0.11481167015366048
2 0.5941976242377243 0.6313115809336013 0.0556941447429292 0.11613505409258415
2 0.5373626406877557 0.5770547735070372 0.044428417404847306 0.1353634151526908
2 0.5565683625617703 0.2565031574459608 0.10584918494769227 0.12177901833688942
2 0.3153980226330034 0.5439719801652985 0.1003743859715068 0.12908133530635127
2 0.43506393273315086 0.3221923171386397 0.10351148392387768 0.1138389725792548
2 0.539781677614078 0.37011924729423995 0.06570745249053722 0.09990414727484324
2 0.30843331137104346 0.6300370259229331 0.0691243859715068 0.12653042015366048
2 0.5861684776830771 0.45030082593263143 0.06408557931671233 0.07574917015366048