2 0.4731596950347942 0.29039363606520785 0.16838233383381368 0.40286178846084475
2 0.5909380002117615 0.19452886435358613 0.2028259522920175 0.36550949172783237
2 0.8828021926157199 0.49414560484307335 0.14907932601189308 0.325607929693339
2 0.21967067398810686 0.30843312241635673 0.20033798912372047 0.37630144251362074
2 0.892439587029347 0.1547748897892615 0.11390141823232476 0.2032042367654337
2 0.3584616162508909 0.46714453474130035 0.19635614441362712 0.348067280602962
2 0.07613873780352483 0.804244390199037 0.15227747560704966 0.3495741226212445
2 0.756108702927302 0.2748776821790476 0.1263474813018 0.29650047249740996
2 0.6885824847796818 0.5647428569099879 0.13174063659170657 0.2687029582293864
2 0.7273965428698336 0.7678464321790477 0.27071286035393455 0.1933669720831251
2 0.31598860600989587 0.768308928454994 0.2517948023343698 0.32337980376232556