2 0.47573173093234233 0.585288348821436 0.1299454495445131 0.10794778397749986
2 0.5389708301140357 0.6683066089062046 0.0753943588003402 0.10706949769092589
2 0.6573661660488852 0.6477610801125012 0.09994049101432534 0.11856336376069425
2 0.5671726972670783 0.5334046371342603 0.04825150544229562 0.13273387902925932
2 0.4647966870154594 0.40679220193171384 0.0826885036281972 0.0929092528747221
2 0.38715034745241284 0.3375726016961581 0.06087799101432534 0.11514583784171287
2 0.6717510698624166 0.5211206676713902 0.04845983656782167 0.11639597954763872
2 0.6083135632389947 0.4773016086233808 0.03588791469812271 0.1355465207351852
2 0.5846552861123346 0.1588639669174548 0.09851440027015243 0.12233291272393498
2 0.38435770806685154 0.4820061068799545 0.09253721878180672 0.12959860857689803
2 0.4732118438242157 0.24384314260088052 0.09667908175849824 0.11438371168717572
2 0.5831696863824872 0.2734049205461122 0.059578385842182155 0.10023373732333321
2 0.3889212116950486 0.5678069058431952 0.061287218781806804 0.12686458784171287
2 0.6397222759455337 0.34446998477791785 0.059513898456053836 0.07608333784171287