2 0.4895836330045366 0.3447719933647115 0.14761690602668304 0.40540579811738686
2 0.6026108738311545 0.2613563209394626 0.18410839704969267 0.36869634253414585
2 0.9109399616561513 0.5952945365448528 0.1323277284317818 0.32789206739571847
2 0.23642227156821818 0.3348010063215215 0.18104702956324994 0.37943358343484734
2 0.9027608647559682 0.2547999444721323 0.1034982256031114 0.20499598550203055
2 0.3838961935057787 0.509938313538207 0.17853965309981684 0.3511583891103733
2 0.10544744399675803 0.8164341332502772 0.16058453863843627 0.35235064928940607
2 0.7724097685431561 0.36055169185123864 0.11107035196834865 0.29841531847545244
2 0.7199558924725065 0.6447974814876357 0.11793797550491565 0.27074090144887447
2 0.7695417602535366 0.8535204418512385 0.2612107316532356 0.19792157001661187
2 0.3571508445624921 0.8083362407438178 0.23541182181592363 0.3274693676725736